951.38
953.64
985.83
942.83
870.95
956.61
1029.44
958.6
1097.17
936.55
785.66
967.82
1002.13
851.32
937.76
1055.29
959.82
904.15
-1169.04
1070.59
758.82
902.46
1056.28
1037.64
1048.55
994.81
952.17
891.93
896.91
983.96
1013.79
867.37
965.57
883.82
831.05
1028.05
973.86
-1104.93
993.22
1041.24
1079.1
1015.33
921.01
1188.77
812.07
1051.08
1039.52
1081.62
1045.92
939.15
1147.98
1051.91
856.74
980.83
1104.55
1016.61
-1031.88
920.49
1063.81
1077.58
880.47
973.9
1030.12
992.56
1006.51
1192.59
1167.21
888.65
1024.73
992.63
854.33
1018.59
960.92
1177.41
882.88
-923.49
963.17
1043.86
882.21
1124
834.45
948.52
803.12
860.45
1067.55
1088.37
1116.47
982.93
1283.06
919.08
1080.66
984.84
1020
903.61
-1058.88
937.02
887.94
1086.72
953.62
1030.21
1064
1088.54
1010.47
1084.14
1087.84
959.85
1068.22
1053.99
802.89
871.9
916.22
1002.98
1179.11
-1067.88
873.35
877.32
1224.75
1117.03
677.33
833.24
979.48
1011.68
975.2
917.82
1005.84
869.44
1000.23
1141.19
933.16
1067.25
963.54
1079.54
-848.31
978.98
1031.35
1124.79
1225.32
879.37
969.64
1118.5
1025.61
973.59
969.07
1005.42
1080.47
786.37
863.77
1011.32
866.11
1104.87
1022.66
-997.63
972.96
955.34
700.7
961.62
1183.05
1039.45
1007.08
1174.85
999.68
1099.78
991.66
1093.33
1088.03
897.54
905.62
787.44
1047.16
1077.12
-765.21
873.77
944.48
1000.32
1015.98
1034.39
964.29
863.15
961.11
1034.62
1098.9
1005.96
947.77
1029.15
1033.82
1004.49
822.76
1127.87
1096.41
-1039.61
1087.65
816.95
1101.15
1069.37
1159.46
1101.58
1002.9
977.94